05722406658
05080551632
05089051160
05845890934
05007660038
05433693986
05957127329
05268121829
05928482444
05173725705
05234151872
05577326827
05920218481
05058351558
05354867346
05129858628
05511344773
05537900585
05370314343
05746674734
05519525330
05474489251
05011006162
05162932249
05593389310
05832260105
05872333023
05970290155
05743311046
05831425767
05500970852
05312437997
05745896618
05589775231
05612993648
05845172053
05853630632
05049224285
05913064417
05848799344
05421510944
05613304472
05053020946
05384471404
05802895574
05053731495
05218982833
05592291007
05926610198
05300169437
05190994350
05495623736
05961682418
05066284418
05762775631
05216761248
05408527015
05058038416
05753661024
05872422412
05910034974
05293297927
05601270152
05603526082
05441194894
05969438701
05024001719
05286814918
05256717118
05529059558
05305444796
05532019200
05178034536
05150894187
05797410803
05941925131
05905551673
05181494186
05498784795
05073704604
05915018230
05425483258
05618215238
05497035149
05691065912
05987150842
05894173417
05134142085
05942501720
05577965125
05058393158
05328040677
05824025043
05129055675
05017227923
05909077074
05048762930
05188545980
05163441104
05318348727
05841886407
05754245770
05906839511
05417936425
05432799805
05667802110
05852203991
05847836046
05902047431
05269698133
05215242100
05199650082
05763712137
05674903325
05669353766
05982843645
05661539635
05981855356
05628732605
05990371341
05752732032
05680507872
05061336321
05575450643
05655705498
05328638296
05976121892
05894097964
05189205977
05337775153
05015837014
05515255720
05318812975
05533910391
05901827957
05144444522
05048220392
05361459017
05499229486
05495283906
05599581306
05704700906
05216380616
05998388480
05543045512
05645978938
05409860702
05866882698
05613767380
05953103443
05108762051
05652084829
05703799030
05000384010
05681772029
05620325329
05174431754
05878551461
05601507611
05444752925
05950374095
05380100584
05912773832
05881318818
05621460777
05714038332
05088435534
05363607889
05617624961
05190387408
05380274708
05203629215
05278271194
05057586394
05266566583
05475897492
05162278258
05576357115
05798840259
05944070672
05027926977
05883969038
05060645588
05581165553
05096460358
05465135537
05737444477
05295600969
05925595381
05549524900
05726013839
05663328376
05858396781
05713996021
05316984940
05103965309
05689597093
05236604183
05621524971
05988023119
05846884127
05795172900
05399554790
05510483106
05407121237
05660086478
05503546328
05007078704
05367629177
05864545838
05657199445
05299102058
05351394230
05818987250
05803141192
05328455020
05029844446
05748417198
05082600670
05060650801
05843787304
05369673818
05961841674
05208021915
05969283023
05403907760
05836920323
05880002105
05345850961
05251141304
05389033807
05436697345
05088560645
05830789616
05516674746
05535692447
05999848736
05345945346
05553368146
05929114112
05330034222
05374534947
05893080315
05265531058
05795856791
05017814499
05633321405
05331503028
05037917662
05756723335
05360999700
05181708501
05907054684
05017734899
05514199978
05363422265
05861046011
05346254025
05193881121
05991153529
05514511794
05623596131
05793765920
05808095463
05022769563
05693164763
05974493694
05422366446
05762324402
05989767495
05157827849
05203472684
05340174594
05188862066
05713673770
05680179057
05843860773
05146643690
05991112981
05491484785
05092668990
05604165174
05229449680
05510600827
05919905571
05484101822
05683817814
05506061418
05689186529
05118412708
05455104823
05085931818
05967330921
05627770806
05819898406
05239792832
05257254108
05925570506
05092274335
05181154652
05098993164
05842782929
05716826110
05911219115
05567158903
05873916199
05116165429
05670035840
05772061279
05474580850
05379030529
05685051397
05715083562
05870643893
05902026970
05571450894
05972664863
05371547532
05713557194
05422904602
05149211990
05853335865
05068982965
05004536432
05261371343
05817448268
05428404921
05616226772
05287599263
05943411695
05235367344
05703470054
05558641989
05869792971
05131570386
05910288920
05423054619
05947988635
05282169720
05004944970
05194135528
05157146955
05551140868
05605691282
05647546572
05519823547
05330189135
05836988145
05959886908
05512149808
05009015230
05954875675
05469194090
05520166850
05578760106
05628436901
05593700605
05733342703
05159597195
05198443255
05497934027
05096377777
05928288021
05988347210
05143165069
05212307031
05015833896
05550491288
05947822378
05156520757
05538577712
05746963730
05303109776
05295221043
05976634506
05339207041
05820871804
05973152567
05999053259
05464277603
05110240760
05391687455
05143933904
05157578029
05805173876
05740028875
05764605284
05827088304
05489271936
05173499271
05230555030
05856047140
05260235860
05594591841
05261286411
05454888157
05983411567
05779941571
05075894136
05715872052
05258641354
05667552853
05204061034
05761868795
05568297105
05653407015
05190355703
05667851069
05039898853
05088565829
05199016894
05439126606
05116229091
05715951771
05041248949
05263959228
05119543541
05584930524
05822303926
05590015673
05316355718
05305355825
05425770341
05956218295
05554970332
05347969445
05063513952
05344305917
05038855035
05306592555
05586583535
05627233575
05387993756
05735402796
05725263049
05410948943
05452475109
05984754227
05935127679
05407293797
05462777068
05812679133
05361086855
05117024112
05094071369
05760251629
05361319908
05046235890
05321900630
05745079420
05969333107
05319108714
05046014085
05998939725
05539225299
05065443571
05381458527
05387747391
05148132082
05306355722
05111999707
05218228017
05811363693
05311365316
05254947726
05232605099
05614640190
05457916801
05848195755
05903324216
05117258434
05606259356
05558350573
05988408102
05912163015
05636016594
05640704171
05282531119
05205048193
05853695565
05548345311
05881494449
05785874047
05836082627
05634183258
05557984357
05123493387
05639599918
05263563468
05788084946
05070496281
05034401962
05438754407
05571631080
05713043314
05917521129
05002624427
05185025617
05113136162
05288709209
05125878411
05713414320
05992138141
05735869341
05268270546
05287122540
05318541865
05355286723
05771185080
05095905060
05726927122
05840865924
05794016145
05527471479
05188186791
05245426457
05311802022
05028454512
05322140252
05749185719
05178393121
05291786125
05582514957
05295017898
05456261665
05894998890
05789210466
05322470410
05535911406
05514616591
05079563341
05691101979
05241134406
05448874451
05231248304
05187083335
05758896342
05170908651
05061076252
05959169456
05249537988
05225731475
05945872053
05544296565
05657133673
05983333591
05776419889
05822174236
05708325374
05030182911
05488458793
05739966612
05082170500
05371534025
05545666017
05182805779
05761330560
05420103115
05229019437
05294366095
05998307090
05658545656
05666964153
05501081548
05108759436
05102973813
05668526391
05169177488
05116840071
05909272281
05571769857
05649787480
05279570438
05209159165
05980939537
05823849413
05645933100
05757412043
05137507945
05858076604
05427677623
05692572463
05026096163
05559723693
05633188381
05837359147
05402120469
05034830833
05628670273
05317039623
05975425056
05912949325
05965407653
05371912214
05185275028
05220751169
05892490483
05633694277
05141568616
05935635065
05374919588
05392119073
05253077388
05038916114
05656189593
05699224774
05346479528
05942865079
05533095781
05330100023
05602401907
05752836471
05355159341
05451878254
05504650169
05458244995
05671786406
05799220954
05024436737
05024635237
05708163931
05648467691
05926630737
05700098718
05572512940
05323987257
05556673172
05786843401
05628101769
05576089519
05729048626
05582829402
05444954218
05488249317
05266425496
05506846346
05856376804
05675296422
05057046549
05710437149
05295537987
05866364071
05915407528
05015483824
05662535788
05994034936
05849472605
05008678387
05226358442
05723064404
05379858379
05356154876
05875534847
05690633989
05658935479
05848887113
05947745692
05357308278
05725021911
05459066704
05654801261
05972994391
05181982661
05933664459
05938180967
05577063072
05045223528
05708017749
05207762401
05510441976
05137580167
05309955801
05444566917
05972495937
05256559127
05340425067
05063544129
05743140512
05592238187
05121515672
05030279804
05017578324
05603473077
05982782464
05522339163
05660311876
05158638416
05143582081
05271206964
05354171543
05367480264
05056038862
05165335488
05651137824
05840101625
05225496467
05767723586
05045478612
05997969423
05926801608
05527744645
05093596552
05270695548
05371535546
05193927709
05047345411
05600699652
05472325300
05597162949
05525019838
05600015349
05056613706
05913042408
05516751674
05192792830
05891031795
05622927134
05186740615
05460736812
05592845504
05186965578
05893291652
05663225791
05997772470
05266046686
05775200481
05540183908
05183849750
05133208849
05082662241
05130886385
05397556848
05973502779
05813995551
05100086406
05813941179
05992055173
05008148978
05620301375
05675615620
05866183216
05493380587
05498587283
05188794947
05705702526
05763051259
05842295372
05497802698
05363951681
05337625010
05317371427
05124706775
05949368830
05909406242
05684524535
05370152380
05371466210
05522088874
05678705518
05742780527
05754065454
05371314426
05698492412
05088289324
05804924597
05467084819
05547203049
05972083529
05067148866
05938488842
05793292963
05029830594
05106492204
05740183402
05228097343
05065940225
05870771992
05225960157
05212629913
05771075727
05889489042
05431906845
05037635517
05925679643
05889816737
05721666728
05782943035
05548380954
05132097686
05197436562
05014484049
05597096540
05337420272
05378171943
05510953106
05560570898
05010231792
05919770140
05676335178
05478549014
05926416849
05895667098
05280402973
05087243193
05446867115
05245482226
05117953057
05386433254
05421249057
05562308998
05942906996
05305699805
05298662008
05006535808
05090086137
05441724056
05627894074
05019947567
05029937135
05888200693
05678575975
05896826810
05219824694
05474330634
05280001312
05277394696
05054601726
05257363067
05358398577
05974832177
05006870048
05128070627
05783909874
05823519785
05335150674
05644054574
05395230234
05372416771
05212106354
05020291449
05178324857
05108647071
05035072078
05704125205
05063117454
05429464705
05879176208
05100524203
05802519878
05647785150
05892102468
05720170361
05402851858
05195925520
05771144328
05057979322
05868988067
05924328712
05850226639
05709692964
05005080674
05064814929
05203294091
05080900565
05097275508
05959025427
05911380643
05009304928
05787062721
05239653134
05672978402
05932311898
05357278890
05250135039
05580737412
05055832440
05659491396
05398091978
05871088552
05076772650
05352003653
05394883724
05432618136
05080573880
05997859863
05669093692
05159964454
05374712312
05505228559
05359132412
05722050986
05115495351
05976133122
05811615815
05396102256
05469423175
05593580829
05007052389
05146150509
05418134067
05153793767
05702033113
05198183544
05263021278
05666846598
05876260680
05038352893
05074657132
05605871390
05747820236
05362632816
05650010037
05693370071
05916950325
05415947375
05654575189
05196060294
05518555249
05336197236
05175231968
05791877882
05509218310
05405490483
05101450035
05343185125
05740915387
05084048790
05754705637
05259338423
05730430175
05920725820
05904465789
05450067912
05571839974
05013320331
05292001639
05712039290
05714113497
05837687191
05791119393
05738264477
05136778489
05244188985
05191952305
05444958492
05694374829
05037328174
05377386330
05672872234
05697067357
05016639396
05454072858
05757168566
05439619721
05754212688
05916802668
05733346956
05737877526
05229759563
05646662430
05100610245
05285379950
05592092806
05094187328
05617211596
05199219908
05349265388
05809896248
05155775757
05995021173
05855002131
05227266364
05673242250
05051583901
05547120438
05812135486
05909561178
05197667633
05689541139
05226450104
05279097421
05089467921
05857992822
05264165939
05467430331
05924702809
05492124383
05958452457
05473976562
05132083411
05152812842
05376188463
05397968214
05802397817
05503594890
05719373182
05713937315
05330545300
05987987999
05588197711
05746294333
05303932023
05422199818
05297098031
05046259530
05575222236
05819598183
05249823048
05299803262
05849149516
05437125268
05799321953
05913442674
05419132520
05879981637
05967422329
05458350374
05867374936
05061904560
05963310482
05648982279
05977266478
05716075441
05725826601
05394640104
05212411632
05037511949
05882053712
05972895250
05366306003
05424056681
05202573682
05013957558
05673610718
05181694593
05978656496
05831756969
05238632056
05339166534
05203042785
05557577689
05811970329
05150842535
05628480146
05920203657
05238329677
05475314951
05265512709
05838165581
05680627891
05743975453
05443580088
05270742390
05791167009
05893334634
05342195616
05309152277
05819695333
05975671896
05269572149
05300403886
05397870631
05193561767
05479504251
05344124522
05431973678
05234312025
05514346289
05545213696
05415580543
05504065875
05794076350
05875675382
05918789466
05261934282
05908089333
05170139988
05370827328
05903655520
05881119238
05418504258
05518409915
05975354956
05827514897
05808741365
05578016226
05369615120
05769976244
05908118402
05842472083
05197132653
05944009753
05028732634
05004154385
05663806136
05861739270
05534777505
05112266806
05426527817
05544947868
05239227568
05733330536
05443794275
05377473869
05217041251
05213226678
05183940252
05620512668
05294488858
05266572002
05656279465
05632612017
05198737364
05823455730
05858620235
05789413745
05876141688
05668518693
05462519499
05475807813
05818477775
05053669206
05867687736
05403390149
05339535741
05476891179
05527192309
05213918332
05200186106
05140961539
05876883441
05256305788
05075285690
05262424961
05757201372
05128211166
05681548870
05898648644
05397862129
05035269215
05817972447
05301454471
05696061421
05334816169
05019452570
05192212580
05366787779
05137446219
05801303636
05883347010
05176926435
05226275223
05477353413
05095900084
05361044185
05970102372
05208214237
05648855896
05598976232
05094161608
05812791126
05707175709
05201510920
05607616452
05824013430
05301420359
05413907394
05289756190
05295627649
05181233551
05683536302
05557918540
05698407615
05029594727
05920368263
05176678284
05559938853
05513136219
05467333352
05928338193
05205144227
05935671187
05372814246
05639270999
05904053001
05988676469
05504959433
05556289431
05164194919
05458761558
05103166751
05403346354
05583403167
05168728601
05785413849
05064024450
05469673711
05076894003
05491803587
05927276810
05873158963
05770004158
05096608947
05776882372
05576414715
05829109928
05417461499
05034527958
05025139719
05558055141
05374761399
05147647376
05492889505
05819232450
05073882549
05102939666
05137513879
05446847490
05135817483
05992368084
05318648609
05465995021
05301810588
05598350234
05423526491
05004241759
05289860661
05288174982
05338011763
05079908929
05223576354
05838845970
05832143592
05093463334
05806887298
05619962872
05265475956
05819424651
05469384451
05883397789
05150727530
05258670556
05962762876
05020589103
05161532441
05369341679
05609386514
05195772455
05385532163
05086021547
05407981651
05156765695
05489629647
05781237557
05052873893
05410268968
05556700286
05130217325
05689834412
05462672059
05297364433
05280215734
05032933917
05928310942
05322880340
05946541029
05549482116
05855085512
05040882684
05377280285
05687778195
05435259561
05146703379
05949342833
05297177379
05813308316
05305162685
05346034848
05976597704
05339138170
05694015487
05728777743
05527674696
05991232330
05346767732
05916314198
05579146336
05406089630
05627198025
05373352164
05374123538
05720908021
05240187519
05399816385
05004373642
05962176607
05452633622
05685464437
05781445677
05681043244
05761003898
05201375880
05313373861
05359744757
05745927734
05428823311
05359602104
05101586623
05917136432
05184113910
05416074877
05820328967
05034566384
05075665118
05937606313
05025503467
05524397724
05760762430
05398061504
05426815915
05763875141
05576019631
05879164123
05499055124
05563118276
05526502920
05710348633
05341724523
05537828477
05241690956
05770087342
05998218551
05469264483
05810884849
05893024830
05286829925
05463092741
05450025603
05075379636
05845048650
05784597966
05950697390
05453425714
05765670502
05260059501
05156101844
05729217799
05391641235
05000521369
05192426186
05230367660
05149411131
05590464541
05141002088
05200230072
05058378868
05620980951
05236890589
05910435613
05413994082
05555859363
05978365677
05941362964
05133118947
05500389334
05683499818
05911910524
05607918516
05874742444
05815500931
05329415644
05595361679
05931766915
05128186265
05120646018
05144102383
05364812911
05285439915
05479183338
05975644018
05257129362
05847483539
05076195758
05419498787
05375526537
05566445942
05792085488
05174600360
05998188280
05225014000
05362343453
05471836304
05098801095
05413097017
05331548889
05775590287
05112907537
05871651661
05475195705
05849504802
05279155587
05826128102
05828084385
05709194255
05181206780
05932652630
05782477523
05897349010
05118738131
05150306892
05145752495
05222033089
05728074303
05460238909
05583920038
05817899117
05240095268
05621196165
05573712787
05160116999
05907991511
05011474640
05847429200
05024885882
05461155596
05970659368
05653596217
05964870799

05197524582
05495411287
05697616979
05544634845
05273369903
05937473409
05518828838
05954906877
05376499032
05903739334
05516910000
05094467580
05752548543
05617922386
05969393433
05779030837
05509830730
05098234188
05117784218
05632961982
05835943274
05217979455
05155097917
05724029190
05244228569
05656806064
05601803548
05287010707
05461580000
05020869469
05011687975
05054727234
05247385372
05622877950
05750091193
05832696525

05256893710
05919128350
05755851082
05464104176
05336096071
05321505159
05382194367
05577475010
05017592431
05938170807
05281800083
05241772791
05637414669
05238319050
05928499778
05549774441
05592741223
05014079158
05112879020
05128103777
05283134563
05435536697
05194783872
05618015620
05376377108
05639105632
05709169486
05701022560
05410943177
05187200823
05396555028
05713603939
05182528490
05709195570
05872393544
05439154414

05392298794
05396166488
05588943286
05440955044
05567685816
05861864688
05818993588
05146680096
05353994177
05568973066
05596941047
05110690609
05242814710
05837754137
05258886016
05307739869
05563904916
05301721529
05120114351
05702142436
05773211073
05190846825
05688954466
05000279858
05906697050
05433873056
05383585354
05067624990
05570545117
05556880962
05409936500
05443781427
05890638088
05739858734
05793917555
05282060044
05613704976
05406908148
05505709356
05198461273
05185938554
05730800548
05568363326
05036157950
05804908954
05387894796
05882431578
05135541670
05785632085
05517728104
05588574372
05564063094
05310327582
05262733789
05723834738
05037241307
05663634662
05103741337
05621947732
05836818841
05054653936
05968499701
05009493661
05023489282
05644432014
05228172609
05302748976
05928563152
05071055731
05508406490
05898243159
05445632962
05650667717
05147070180
05566573639
05670859391
05979780201
05156345933
05390084187
05621154779
05252354968
05418284054
05534389778
05872126861
05145431309
05968775814
05100211391
05867644181
05799756324
05209998174
05175397528
05252929099
05726346330
05978722650
05395736996
05163939944
05211629993
05208730997
05118285606
05664549430
05008965418
05493962662
05064707566
05420517838
05975676655
05746148251
05450489166
05089177148
05275307234
05973135605
05526163720
05152157413
05354219112
05346099181
05328708614
05074898032
05758893575
05844046675
05590172623
05869014096
05149130529
05881596964
05017655574
05915657970
05613419487
05067376833
05487270253
05127069824
05972051753
05667462610
05645579287
05820507216
05271099089
05628067510
05581227002
05169934061
05103286223
05348179877
05472447667
05621117632
05671152807
05401702757
05767773380
05173877594
05544130023
05776893093
05255836512
05874676428
05280799482
05391209095
05025306387
05618424837
05261145459
05949491013
05470184314
05688239247
05453354203
05278505909
05353438255
05688399039
05568069514
05586357548
05317637060
05568719198
05412249320
05385310896
05053958864
05513614976
05826924814
05409674649
05922460427
05499204796
05565962250
05944779871
05423119341
05436347203
05590912579
05115253258
05111918828
05073414859
05683062482
05186297816
05450336621
05755984304
05469670468
05054118058
05222846440
05262305742
05586999345
05873017962
05210237045
05253212943
05926512210
05145626218
05201145903
05012095038
05717175011
05252168445
05837143090
05904889934
05422330271
05091223401
05281205983
05224845401
05858646117
05454241892
05534820093
05662307294
05591162244
05307921792
05275020532
05754371344
05870020710
05746885970
05371168272
05577443360
05735097691
05675498964
05001460101
05248256442
05874559487
05174999846
05673743024
05411848055
05734101236
05998380213
05476650783
05643540033
05353386349
05726825542
05354165740
05348602656
05912193660
05998335240
05113285811
05525067901
05703682305
05281500420
05486157083
05071339489
05339770190
05048882611
05096689411
05101258198
05163076185
05997449641
05399957835
05659391466
05107277980
05668487024
05828314833
05818477709
05122747248
05932832405
05057454250
05214276277
05121554185
05526424115
05084916570
05651571568
05520879811
05792072540
05075226901
05655040064
05608687517
05047054248
05590366459
05820977869
05120827266
05976754060
05680398814
05005276889
05364298116
05576368418
05574406060
05308159291
05620881372
05384149950
05164574600
05472836416
05408938780
05835126623
05026838412
05569736562
05221754126
05676882859
05799110551
05815062115
05801875565
05026249691
05207197996
05238254649
05345766185
05981586784
05608339073
05748119605
05636414106
05846364362
05348729436
05224838152
05143975279
05176802719
05772892810
05439846043
05769804723
05100303177
05701939417
05827357958
05003440593
05743756658
05294809359
05467963309
05742922567
05275818498
05270742334
05771558251
05096018000
05343814353
05574403322
05178108592
05776520847
05387094450
05536319755
05858637714
05469778122
05678502974
05852765613
05000328898
05056636602
05987199458
05360213639
05491604312
05302560003
05787998897
05540106127
05324836391
05237518187
05433340463
05680053171
05168875403
05225546408
05823611658
05425888313
05693501732
05540567120
05693882601
05834975678
05411027216
05004402998
05072396265
05278395188
05329082662
05816936366
05878099840
05860300393
05711232470
05944075735
05896560541
05161577655
05770561387
05909440259
05145473046
05823638549
05067020986
05565415474
05300619642
05729539706
05705606519
05090739309
05351564220
05776322569
05195264254
05823717601
05773747048
05947394491
05234512169
05876121534
05335523362
05811904938
05742458455
05514954800
05095181249
05451142693
05732197098
05259057040
05014396870
05390250628
05829978246
05501652276
05891736917
05011218293
05198621409
05035386951
05689245440
05873301639
05352024585
05549664711
05439408016
05811030509
05314918485
05632527588
05081983338
05376028987
05020283792
05881486349
05238769085
05539112781
05764924911
05721357752
05059381364
05432608350
05242859229
05837860136
05559654830
05377928031
05122243354
05304414079
05319758401
05404160109
05582885267
05152838208
05469317732
05518825461
05480411776
05907662199
05301805609
05332966055
05726918511
05499091958
05233643931
05915445384
05876649961
05480355769
05586013808
05381366567
05076441794
05772364907
05568727915
05317568743
05379734018
05796129794
05049252689
05693579131
05318697323
05934732165
05154673029
05253441905
05108056999
05575463918
05789422658
05095645925
05098731024
05253445418
05415882070
05246966076
05706868533
05907563157
05123835234
05403425666
05092531424
05054525145
05628581708
05559652880
05438949331
05659842544
05835065179
05905900857
05250962629
05791787920
05083763985
05797380396
05454124736
05971986124
05719206016
05942743994
05357664446
05378187426
05459417197
05377935413
05872314076
05204981536
05254590781
05014015751
05643550155
05319404532
05553651838
05243603992
05101677716
05529249305
05701456849
05146984395
05843702593
05802976402
05004738232
05159755439
05757977727
05125200602
05256135264
05311090764
05173115855
