76888
15303
20900
61627
37909
50036
17613
67655
68162
50248
58489
71896
83470
81084
30767
17930
21960
21789
58282
75415
52020
76134
68371
30511
52869
27239
49914
42273
55427
33681
49133
29935
17847
69816
27982
45902
70362
14351
69233
54499
64569
52942
46571
57718
52195
83583
83924
13202
11400
64268
63989
30258
25883
68003
68442
36982
89441
18769
70689
78059
80000
53130
89113
41382
78288
12431
76019
83225
50189
45733
86004
26028
51698
33108
44016
23237
87774
16661
50784
20255
80947
83779
13821
46247
15521
18074
23650
15353
75663
76475
16877
69335
26338
73941
25997
16482
68356
24061
39141
33278
57549
38471
52519
60450
29517
22681
77690
47605
44016
14110
86628
25618
74871
55489
27312
46596
14549
24797
40377
13130
84671
59860
11948
15476
23899
10356
89882
17571
47233
77570
88259
78460
72925
41699
65595
67941
55866
37502
72600
13254
71191
34299
58497
86041
31446
16758
87936
71019
68999
19772
27025
17128
16769
77819
26240
30929
30441
22854
15742
73385
85257
32271
74861
58291
75386
48267
86991
22998
79129
49601
67066
17145
19205
49402
12806
64998
14974
42498
68700
22874
61864
84773
49352
29523
60133
70850
53928
40032
37006
30139
57451
61012
39643
47571
17603
87427
45301
85454
37858
27827
55210
52163
81504
69276
49913
81085
13059
62792
54273
32517
35012
49939
74086
51577
89568
51035
64316
40648
54564
39216
73929
84867
30000
25109
88423
40237
68741
21069
84431
30124
25046
57342
51086
50933
12714
19409
14947
68979
54696
16639
49358
29647
14936
67973
12819
28921
73496
70688
25476
76845
51877
33649
27642
22047
32637
77082
69757
59871
63491
51151
62342
71269
35610
16134
85492
70054
49896
75510
68915
54411
62869
46251
82566
13377
44697
45072
18701
54147
65952
65411
60767
85730
72537
88564
69457
71053
27378
38837
12285
28808
40989
55339
16444
80633
33054
35419
35115
41653
18059
74189
30809
45303
19114
65740
83415
15338
77109
33412
58646
66585
12569
25138
77276
65157
51377
63127
23247
85854
82207
30133
68967
42248
71828
25983
63872
34376
54611
22653
74405
20804
39505
33669
23622
82662
61767
17379
58850
42873
37150
77313
33181
41834
21457
52479
66347
33208
71982
69948
47810
69795
60469
38746
48316
59040
45431
69997
83346
60931
85655
63004
84529
23282
44476
77806
30280
34473
83645
42622
89928
82704
83971
74919
23762
76150
59561
59640
64348
15049
81839
51713
15564
33051
22242
31412
11946
81742
40229
14228
76994
64488
85164
39032
76767
28704
10811
26424
55089
55902
26042
63103
37527
55502
74643
44439
40997
63373
58978
62623
42463
69642
45700
55224
25787
86534
20152
59459
15747
47476
78400
35268
30512
44681
34656
66690
60591
22812
71006
75620
17840
41366
14592
59828
31681
43955
62592
54944
61079
15727
18651
56323
15636
33018
42557
28912
29601
77524
57030
17927
88310
62512
65975
73949
71276
38245
59125
62232
31586
29735
36405
69920
53428
16562
42382
26943
38293
28351
82217
80785
21238
35277
46164
74196
60540
41401
77178
75993
56925
41749
31788
36673
89459
15892
63051
64272
45735
50524
18746
20988
71350
35154
67840
59006
61439
36817
20340
85455
45699
82819
38207
74220
46243
72901
65853
14243
43637
26183
41611
84755
33279
87193
27018
11311
19562
79359
36666
57835
85824
52606
86095
78797
54541
64972
86239
14397
17585
42835
39474
75172
72267
74493
52928
48000
28383
42521
17830
31438
12737
41700
45840
73406
57623
71649
71280
27907
25291
45633
70949
39184
68054
47355
16980
22603
82358
88421
15091
89756
66872
24520
58488
70255
76669
79823
33917
55229
36601
86360
71567
74599
47823
34737
33818
62315
23686
17403
22174
86684
38054
72874
29117
71117
72699
83779
13130
33718
35057
62204
65578
77645
77813
26656
86902
69326
85418
63672
79447
25667
64785
72881
62152
24284
14431
62236
38648
22440
43274
44265
18564
75833
74284
81947
32736
69156
62942
30422
51199
86590
28206
86372
43574
60703
72009
68203
57325
72850
81312
62039
26893
82819
64487
21990
23938
30543
80769
24519
21385
21159
80373
70666
89123
58812
13931
46482
77312
81380
43055
76021
67285
83891
58781
68394
46598
60227
30050
49801
84859
11420
67393
22046
81071
18411
61387
16678
77675
36287
13045
52929
40751
38055
61686
78382
53674
62677
20693
66433
47020
57421
73966
32015
83162
12518
23246
42751
53578
19175
68466
25835
30258
24955
56268
30125
28077
67661
46189
34514
51397
77804
57931
39465
70105
44328
71612
34645
69912
72738
51385
25366
33060
13775
83260
62324
26272
35093
20065
14948
12690
44332
17448
11871
26689
25518
68593
63826
59911
46520
66558
48408
84911
40774
29716
58961
71687
14058
75561
75039
79279
67188
19879
55027
24680
38266
37975
29443
59670
67794
67719
19271
78350
53971
70436
25847
15528
42935
38816
49950
61085
37820
23484
43578
76969
68141
10126
29593
49066
55437
84044
79196
55502
74524
28303
58919
21241
29887
51025
89695
57356
29084
29982
62874
82766
89003
86502
77330
19543
31190
37241
87362
63311
69401
73161
29190
61587
79714
64475
85119
77792
15617
55926
10108
34997
51753
33617
42338
10469
77788
64873
84789
66994
69363
41176
28060
63811
69763
80814
33232
74158
62217
50300
68700
41102
27615
43412
68094
55277
78211
50602
18036
76842
39302
81637
70704
51829
11882
38878
61428
71405
66595
52478
37958
74360
45175
44212
66301
23803
16285
66013
42545
36925
51425
56329
26782
48280
10798
33741
62049
56952
61634
81435
45529
35689
27181
31898
47687
75340
16657
27988
37741
26370
47219
67394
11938
43295
60680
77666
26941
61096
21369
10977
76581
35205
33311
64017
28263
17295
56486
12644
10575
56034
27485
31166
30796
81212
65396
28166
14528
33292
47629
27845
16414
44787
43996
14644
85034
79269
59094
37410
46684
65145
35509
33084
26476
61108
45153
67171
25383
86610
83064
82185
88008
56077
72374
25043
68943
25651
24989
46824
86189
34963
22606
63151
50661
52384
83678
87237
14573
17516
46930
56452
11882
57214
26258
44205
26071
83708
36217
36878
41454
69953
31506
41724
83228
10103
31708
18314
18369
35342
50359
68751
60285
12467
73957
84852
50020
76841
33449
15219
49386
21123
64554
42041
41736
68215
34033
29380
40420
17564
88806
65396
79020
31068
65206
34317
13132
78754
68415
32436
37538
16845
30530
84397
53632
72027
66880
27715
53018
74350
75389
45775
19555
87338
79424
71791
25924
86644
66128
39105
33205
58644
64696
28244
62577
60195
16243
46733
53238
18397
63520
76655
45490
38448
64974
51521
55239
58059
62241
16940
25351
71551
23611
52346
41655
15729
40355
58152
55168
60949
77873
81716
20585
23732
43423
39918
26798
66998
78921
59563
27452
66504
60333
89693
12193
28935
27516
52092
17376
31683
41254
50271
29915
25677
75953
75603
23975
44424
18931
25410
34331
22939
73059
77501
87856
57228
38779
12403
64593
88870
52328
24470
17916
12532
35912
11389
35472
70099
71274
69148
57693
18387
51905
71021
52214
58438
73889
50746
81697
29151
54656
14095
68325
89268
14214
67372
25946
24268
87980
81761
49052
15681
59344
32480
60120
31471
61663
53375
22237
32739
88041
57282
71164
71196
41809
60116
14920
68812
17802
61247
15830
24135
71834
32638
49870
59378
55674
39746
79895
70165
13635
46586
36974
63561
71970
88584
80927
14666
41092
81731
63594
32758
17754
89567
11327
22860
28342
14598
58754
68750
43308
22434
51975
63774
70193
84415
28982
57860
37567
34685
27176
43589
87438
69244
17095
76877
60268
54431
57393
27078
30470
83945
72486
68174
56044
54322
83109
78021
60496
22433
58866
45083
41063
41651
41075
35366
52646
15827
46205
14218
89765
58959
25291
83246
39375
75209
47335
81133
70464
80291
64735
52626
58405
37041
25089
25146
44591
34810
75886
42758
79071
71895
13898
36118
86667
74610
48249
23550
17735
27864
56628
68948
17693
71063
63682
39231
88773
26944
63902
23129
25708
70517
20615
83278
72801
28252
41227
63162
83331
62425
25434
64926
60356
89959
37833
12652
17832
27248
75243
37558
12870
25072
68585
82290
78101
49045
30443
37064
64384
14241
19421
32033
41410
74502
31290
17978
30490
67544
37588
87486
89800
75374
76921
84591
69901
72689
86287
88158
21519
34027
56616
36542
77650
36233
25854
79428
89407
22761
43352
64393
39024
46284
71154
71366
62417
48548
75017
60854
22369
82951
79964
41575
22222
10986
71516
46185
55324
77222
10188
49868
49278
28789
81313
65942
76219
58805
50882
35659
29290
83523
16520
10498
56069
24625
88255
74598
75577
68657
55427
53858
74852
84920
60051
60403
83510
64459
44721
54410
25552
33028
79424
77127
48919
39469
41492
20990
61473
70483
79749
34229
20502
16420
50539
14003
15920
42609
33571
89907
42395
16924
61352
56670
15893
17930
67754
52948
30638
31106
21162
51875
21801
67612
14571
58766
66265
70771
76866
28551
53828
55459
76279
51572
76643
18954
78257
37725
86079
16522
82717
86651
39765
73445
63784
79403
14610
61264
35215
70985
77768
79632
68518
37637
20407
37711
60605
75168
67700
35175
75356
61503
45364
21461
81528
26967
51553
73431
79451
15503
74036
82254
32303
84656
68104
59004
83875
70679
52781
48791
88244
43266
13795
81732
23061
65838
13866
14108
75047
47471
20104
23913
15601
52408
14066
89593
17016
25006
56096
73770
36535
22520
88221
51916
85288
37105
69317
77986
19961
72164
60885
54272
27576
58975
52702
18013
26359
65136
51842
43714
84312
49562
57925
40618
59440
63361
24380
85087
83336
33433
67489
66067
31191
33962
20012
48676
61977
56110
54043
48293
19146
48465
72235
16619
86715
73728
44827
30365
68172
10922
89440
37155
70975
20049
75883
33176
85307
50537
14100
40728
43318
12024
76962
16290
48122
43508
31920
45206
38144
72968
36042
41495
76151
41598
28141
63369
60429
58373
67146
53347
68500
48460
30978
69022
41950
56085
67867
82037
57121
33171
48633
43075
52468
27659
62805
29959
21743
82870
25065
53986
72319
50957
67490
15510
80367
44603
87516
84121
80766
63294
43657
12848
25951
22342
62794
32692
34868
59860
43219
61999
34915
59916
88763
64063
64897
25027
58905
22610
85416
65760
40136
80280
79380
42830
48019
50228
56529
37832
33865
39482
85615
77148
71145
54834
49854
65096
74247
33347
59842
37904
58405
87752
55551
71413
62154
81758
89229
87166
41374
54819
41716
72899
13851
84264
66961
70028
58189
64720
79007
62502
39410
72686
27358
60285
60443
28538
25856
37523
55176
67324
64966
22103
14176
63023
38822
73070
82118
58367
47176
44350
14452
43675
44436
87805
14579
31235
30869
25638
14816
66442
31592
68803
19321
55764
65149
30723
86717
31497
65268
26421
52255
60608
76257
80827
16355
39700
79049
89448
85407
85522
63154
25506
48011
72329
27030
39040
26033
77448
88720
23547
45453
25810
77260
46817
56845
31229
27147
33037
89857
63742
71676
29456
11916
29054
21332
44475
38480
81512
86646
23330
11862
68584
50091
68922
69747
52348
29147
17818
16468
17558
74482
26877
43650
46280
35195
53615
87470
79127
28264
40747
73878
73720
22919
24707
74061
75062
68461
15719
48871
63209
75199
21115
15913
12927
38164
71030
73693
81446
73252
29373
82443
57695
52987
30844
24321
86157
16022
76940
81292
43251
84228
35149
83596
82425
13173
24654
63987
25160
40190
47823
63334
44184
47555
35477
21706
52776
76075
65158
66935
54950
87568
86040
49848
33906
80891
60182
86361
20495
64299
44138
74535
17314
37503
65875
67747
30320
17703
59313
68863
12020
39750
26579
20414
40422
17426
31631
49944
87428
78786
87674
25363
42652
18991
72203
27595
70575
54771
71132
61594
63920
11932
36712
26448
49331
70473
46142
82891
11406
52171
55692
50528
21162
74613
35988
64976
72642
60956
70058
89427
10146
43448
81267
35856
22921
12448
12854
71410
49879
87553
44335
36516
80575
34248
39319
47109
32325
11298
21484
81061
28321
22867
70047
88389
33034
87435
82016
62571
86428
10146
87300
47611
75266
64365
84671
13854
52315
49286
63066
16654
83784
82087
58637
38471
77004
20767
66965
15336
20538
76219
37647
73727
46474
70541
48218
63104
88709
26969
85513
43902
53139
76242
29566
74784
26212
40753
44256
31021
23411
22910
82965
89344
17092
75748
48520
65572
11223
24865
37716
40072
89249
81827
23974
85739
82730
16107
42414
41296
22025
48941
55086
39259
66330
14046
35353
89154
39832
82580
45445
43693
72466
83593
48089
30790
88681
64888
46079
12937
58240
79070
19826
12820
68219
73657
35825
52056
70416
72652
55258
30117
28056
81497
54543
88321
52718
10772
64515
74738
63534
13798
69774
51423
40951
63240
36180
69506
11657
41267
33922
46200
73783
31142
10865
51806
33334
17583
50608
30806
25371
60256
52861
31088
70593
76139
21244
15601
16784
75830
70014
33678
84150
60952
70971
50081
12338
76473
74776
25907
